41 41 403
    1     1    1.4216863632202148e+01
    1     3    4.6602383255958557e-01
    1     4    1.8807649612426758e-02
    1     5    -1.3173944950103760e+00
    1     6    4.2301037907600403e-01
    1     7    -1.0712699890136719e+00
    1     8    -1.4172060489654541e+00
    1    10    -1.4945774078369141e+00
    1    11    -5.7370162010192871e-01
    1    12    -1.1371192932128906e+00
    1    15    -8.7458717823028564e-01
    1    16    7.3411267995834351e-01
    1    20    9.6497070789337158e-01
    1    23    3.7966847419738770e-01
    1    33    -1.1440536975860596e+00
    1    38    -4.3867206573486328e+00
    1    39    -3.7868242263793945e+00
    2     2    1.0944634437561035e+01
    2    10    -1.1774558573961258e-01
    2    14    -3.5858780145645142e-02
    2    16    -2.1889656782150269e-01
    2    18    4.5433580875396729e-02
    2    22    -3.8927447795867920e-01
    2    32    -1.6145529747009277e+00
    2    33    -9.7497212886810303e-01
    2    36    -2.0195763111114502e+00
    2    38    -2.0603184700012207e+00
    2    40    -9.3157732486724854e-01
    2    41    -2.9719476699829102e+00
    3     1    4.6602383255958557e-01
    3     3    1.3134237289428711e+01
    3     4    1.1880640983581543e+00
    3     7    3.1573390960693359e-01
    3    15    -3.5244369506835938e+00
    3    16    -1.4396977424621582e-01
    3    19    -1.9971880912780762e+00
    3    22    -1.8838524818420410e-02
    3    27    -3.0884778499603271e+00
    3    38    -2.7996480464935303e+00
    3    40    -2.0697433948516846e+00
    4     1    1.8807649612426758e-02
    4     3    1.1880640983581543e+00
    4     4    1.1871364593505859e+01
    4     9    -1.2882344424724579e-01
    4    13    -5.2388536930084229e-01
    4    15    -2.0279488563537598e+00
    4    17    -1.0159636735916138e+00
    4    19    -2.0208988189697266e+00
    4    23    -1.5170084238052368e+00
    4    35    -1.5795511007308960e+00
    4    38    -1.0340118408203125e+00
    4    39    -1.4057062864303589e+00
    5     1    -1.3173944950103760e+00
    5     5    1.2345678329467773e+01
    5     7    -2.7773749828338623e-01
    5    11    -5.5137819051742554e-01
    5    12    -4.3592643737792969e-01
    5    13    2.4965412914752960e-02
    5    15    4.9190777540206909e-01
    5    23    -2.6973760128021240e+00
    5    29    -1.8669463396072388e+00
    5    30    -2.2518732547760010e+00
    5    31    -1.5727190971374512e+00
    5    37    -1.7992382049560547e+00
    5    39    3.6006537079811096e-01
    6     1    4.2301037907600403e-01
    6     6    1.1935229301452637e+01
    6     8    -7.6729096472263336e-02
    6     9    -3.8882964849472046e-01
    6    14    -1.0175731778144836e-01
    6    17    -6.3773006200790405e-01
    6    21    -1.3229646682739258e+00
    6    26    -1.9251415729522705e+00
    6    28    -2.4834556579589844e+00
    6    33    -1.6537567377090454e+00
    6    34    -1.1575080156326294e+00
    6    38    6.7755991220474243e-01
    6    39    -2.3698103427886963e+00
    7     1    -1.0712699890136719e+00
    7     3    3.1573390960693359e-01
    7     5    -2.7773749828338623e-01
    7     7    1.2719974517822266e+01
    7    10    2.8690940141677856e-01
    7    12    -3.3411815762519836e-01
    7    15    -1.8714227676391602e+00
    7    16    -3.4209132194519043e-02
    7    25    -2.5483708381652832e+00
    7    27    -3.0708217620849609e+00
    7    29    -2.0075123310089111e+00
    7    31    -1.2141051292419434e+00
    8     1    -1.4172060489654541e+00
    8     6    -7.6729096472263336e-02
    8     8    1.2590616226196289e+01
    8    10    -4.7970701009035110e-02
    8    11    1.2874096632003784e-01
    8    12    5.2209365367889404e-01
    8    18    -1.2575234174728394e+00
    8    20    -2.5364475250244141e+00
    8    24    -2.1120388507843018e+00
    8    26    -2.0779879093170166e+00
    8    33    -1.3687121868133545e+00
    8    34    -1.9614108800888062e+00
    8    39    6.0862511396408081e-01
    9     4    -1.2882344424724579e-01
    9     6    -3.8882964849472046e-01
    9     9    1.2480787277221680e+01
    9    14    7.6452642679214478e-02
    9    17    -9.4953018426895142e-01
    9    19    -9.5609289407730103e-01
    9    22    -8.0789726972579956e-01
    9    28    -2.7400281429290771e+00
    9    32    -1.6641079187393188e+00
    9    33    8.6759698390960693e-01
    9    35    -1.6588082313537598e+00
    9    38    -3.5902481079101562e+00
    9    39    1.3714490830898285e-01
   10     1    -1.4945774078369141e+00
   10     2    -1.1774558573961258e-01
   10     7    2.8690940141677856e-01
   10     8    -4.7970701009035110e-02
   10    10    1.4709349632263184e+01
   10    12    -3.6156100034713745e-01
   10    16    -2.5056583881378174e+00
   10    18    -1.7848236560821533e+00
   10    24    -2.7096500396728516e+00
   10    25    -3.9032626152038574e+00
   10    33    -5.5469012260437012e-01
   10    36    -2.1335241794586182e+00
   10    38    9.1178983449935913e-01
   11     1    -5.7370162010192871e-01
   11     5    -5.5137819051742554e-01
   11     8    1.2874096632003784e-01
   11    11    1.2137030601501465e+01
   11    12    7.0388376712799072e-01
   11    13    -4.1606801748275757e-01
   11    20    -2.7613558769226074e+00
   11    21    -4.4539323449134827e-01
   11    26    -2.2880806922912598e+00
   11    30    -1.7734646797180176e+00
   11    37    -1.1178556680679321e+00
   11    39    -1.5828901529312134e+00
   12     1    -1.1371192932128906e+00
   12     5    -4.3592643737792969e-01
   12     7    -3.3411815762519836e-01
   12     8    5.2209365367889404e-01
   12    10    -3.6156100034713745e-01
   12    11    7.0388376712799072e-01
   12    12    1.1888410568237305e+01
   12    20    -2.2007281780242920e+00
   12    24    -1.8965590000152588e+00
   12    25    -1.9487738609313965e+00
   12    29    -1.9781732559204102e+00
   12    37    -1.3628594875335693e+00
   13     4    -5.2388536930084229e-01
   13     5    2.4965412914752960e-02
   13    11    -4.1606801748275757e-01
   13    13    1.1419840812683105e+01
   13    17    5.8693438768386841e-03
   13    21    -9.0443617105484009e-01
   13    23    -2.6620619297027588e+00
   13    30    -1.8985202312469482e+00
   13    39    -2.4558892250061035e+00
   14     2    -3.5858780145645142e-02
   14     6    -1.0175731778144836e-01
   14     9    7.6452642679214478e-02
   14    14    1.1470208168029785e+01
   14    18    1.2735508382320404e-01
   14    28    -2.5751533508300781e+00
   14    32    -1.6260623931884766e+00
   14    33    -3.0592410564422607e+00
   14    34    -1.5719233751296997e+00
   14    38    8.2509136199951172e-01
   14    41    -1.9130941629409790e+00
   15     1    -8.7458717823028564e-01
   15     3    -3.5244369506835938e+00
   15     4    -2.0279488563537598e+00
   15     5    4.9190777540206909e-01
   15     7    -1.8714227676391602e+00
   15    15    1.2905035018920898e+01
   15    19    3.5891026258468628e-02
   15    23    -1.8759820461273193e+00
   15    27    5.3266280889511108e-01
   15    31    -1.3439680337905884e+00
   15    38    1.0281002521514893e+00
   16     1    7.3411267995834351e-01
   16     2    -2.1889656782150269e-01
   16     3    -1.4396977424621582e-01
   16     7    -3.4209132194519043e-02
   16    10    -2.5056583881378174e+00
   16    16    1.3243328094482422e+01
   16    25    -2.0438389480113983e-01
   16    27    -2.9840478897094727e+00
   16    36    -2.1307339668273926e+00
   16    38    -1.0268113613128662e+00
   16    40    -3.1792559623718262e+00
   17     4    -1.0159636735916138e+00
   17     6    -6.3773006200790405e-01
   17     9    -9.4953018426895142e-01
   17    13    5.8693438768386841e-03
   17    17    1.0239737510681152e+01
   17    21    -1.8741445541381836e+00
   17    28    -2.1043968200683594e-01
   17    35    -1.1806106567382812e+00
   17    39    -1.3850895166397095e+00
   18     2    4.5433580875396729e-02
   18     8    -1.2575234174728394e+00
   18    10    -1.7848236560821533e+00
   18    14    1.2735508382320404e-01
   18    18    1.0714214324951172e+01
   18    24    4.2744457721710205e-01
   18    33    -1.5129354000091553e+00
   18    34    -1.8095479905605316e-01
   18    36    -1.4037860631942749e+00
   18    41    -2.0561954975128174e+00
   19     3    -1.9971880912780762e+00
   19     4    -2.0208988189697266e+00
   19     9    -9.5609289407730103e-01
   19    15    3.5891026258468628e-02
   19    19    1.0392218589782715e+01
   19    22    -1.0173342227935791e+00
   19    35    -7.7020514011383057e-01
   19    38    -2.5046867132186890e-01
   20     1    9.6497070789337158e-01
   20     8    -2.5364475250244141e+00
   20    11    -2.7613558769226074e+00
   20    12    -2.2007281780242920e+00
   20    20    1.1995986938476562e+01
   20    24    -8.4700620174407959e-01
   20    26    3.3594554662704468e-01
   20    37    -1.3547425270080566e+00
   21     6    -1.3229646682739258e+00
   21    11    -4.4539323449134827e-01
   21    13    -9.0443617105484009e-01
   21    17    -1.8741445541381836e+00
   21    21    1.0514915466308594e+01
   21    26    -5.1814049482345581e-01
   21    39    -1.0419704914093018e+00
   22     2    -3.8927447795867920e-01
   22     3    -1.8838524818420410e-02
   22     9    -8.0789726972579956e-01
   22    19    -1.0173342227935791e+00
   22    22    9.9610042572021484e+00
   22    32    -8.2644200325012207e-01
   22    38    -9.9256050586700439e-01
   22    40    -2.1249001026153564e+00
   23     1    3.7966847419738770e-01
   23     4    -1.5170084238052368e+00
   23     5    -2.6973760128021240e+00
   23    13    -2.6620619297027588e+00
   23    15    -1.8759820461273193e+00
   23    23    1.2203318595886230e+01
   23    30    5.2241706848144531e-01
   23    31    -9.5362395048141479e-01
   23    39    3.5373216867446899e-01
   24     8    -2.1120388507843018e+00
   24    10    -2.7096500396728516e+00
   24    12    -1.8965590000152588e+00
   24    18    4.2744457721710205e-01
   24    20    -8.4700620174407959e-01
   24    24    1.1270093917846680e+01
   24    25    4.2756962776184082e-01
   25     7    -2.5483708381652832e+00
   25    10    -3.9032626152038574e+00
   25    12    -1.9487738609313965e+00
   25    16    -2.0438389480113983e-01
   25    24    4.2756962776184082e-01
   25    25    1.3369604110717773e+01
   25    27    8.2000195980072021e-03
   25    29    -3.4924221038818359e-01
   26     6    -1.9251415729522705e+00
   26     8    -2.0779879093170166e+00
   26    11    -2.2880806922912598e+00
   26    20    3.3594554662704468e-01
   26    21    -5.1814049482345581e-01
   26    26    1.1684101104736328e+01
   26    34    -1.4380828142166138e+00
   26    39    2.0777770876884460e-01
   27     3    -3.0884778499603271e+00
   27     7    -3.0708217620849609e+00
   27    15    5.3266280889511108e-01
   27    16    -2.9840478897094727e+00
   27    25    8.2000195980072021e-03
   27    27    1.2641973495483398e+01
   27    40    2.4358192086219788e-01
   28     6    -2.4834556579589844e+00
   28     9    -2.7400281429290771e+00
   28    14    -2.5751533508300781e+00
   28    17    -2.1043968200683594e-01
   28    28    1.1200063705444336e+01
   28    32    -1.5751206874847412e-01
   28    33    8.9311820268630981e-01
   29     5    -1.8669463396072388e+00
   29     7    -2.0075123310089111e+00
   29    12    -1.9781732559204102e+00
   29    25    -3.4924221038818359e-01
   29    29    1.0668249130249023e+01
   29    31    -8.3622753620147705e-01
   29    37    2.2838756442070007e-01
   30     5    -2.2518732547760010e+00
   30    11    -1.7734646797180176e+00
   30    13    -1.8985202312469482e+00
   30    23    5.2241706848144531e-01
   30    30    1.0023230552673340e+01
   30    37    -6.7004305124282837e-01
   31     5    -1.5727190971374512e+00
   31     7    -1.2141051292419434e+00
   31    15    -1.3439680337905884e+00
   31    23    -9.5362395048141479e-01
   31    29    -8.3622753620147705e-01
   31    31    9.8761739730834961e+00
   32     2    -1.6145529747009277e+00
   32     9    -1.6641079187393188e+00
   32    14    -1.6260623931884766e+00
   32    22    -8.2644200325012207e-01
   32    28    -1.5751206874847412e-01
   32    32    9.5747213363647461e+00
   32    38    1.0510252416133881e-01
   32    41    -3.6109966039657593e-01
   33     1    -1.1440536975860596e+00
   33     2    -9.7497212886810303e-01
   33     6    -1.6537567377090454e+00
   33     8    -1.3687121868133545e+00
   33     9    8.6759698390960693e-01
   33    10    -5.5469012260437012e-01
   33    14    -3.0592410564422607e+00
   33    18    -1.5129354000091553e+00
   33    28    8.9311820268630981e-01
   33    33    1.0445833206176758e+01
   33    34    -1.2968927621841431e-01
   33    38    -2.4476504325866699e+00
   33    41    6.3915443420410156e-01
   34     6    -1.1575080156326294e+00
   34     8    -1.9614108800888062e+00
   34    14    -1.5719233751296997e+00
   34    18    -1.8095479905605316e-01
   34    26    -1.4380828142166138e+00
   34    33    -1.2968927621841431e-01
   34    34    1.0229299545288086e+01
   35     4    -1.5795511007308960e+00
   35     9    -1.6588082313537598e+00
   35    17    -1.1806106567382812e+00
   35    19    -7.7020514011383057e-01
   35    35    8.6357822418212891e+00
   36     2    -2.0195763111114502e+00
   36    10    -2.1335241794586182e+00
   36    16    -2.1307339668273926e+00
   36    18    -1.4037860631942749e+00
   36    36    1.1655215263366699e+01
   36    40    9.4258427619934082e-01
   36    41    -3.5909128189086914e-01
   37     5    -1.7992382049560547e+00
   37    11    -1.1178556680679321e+00
   37    12    -1.3628594875335693e+00
   37    20    -1.3547425270080566e+00
   37    29    2.2838756442070007e-01
   37    30    -6.7004305124282837e-01
   37    37    1.0078714370727539e+01
   38     1    -4.3867206573486328e+00
   38     2    -2.0603184700012207e+00
   38     3    -2.7996480464935303e+00
   38     4    -1.0340118408203125e+00
   38     6    6.7755991220474243e-01
   38     9    -3.5902481079101562e+00
   38    10    9.1178983449935913e-01
   38    14    8.2509136199951172e-01
   38    15    1.0281002521514893e+00
   38    16    -1.0268113613128662e+00
   38    19    -2.5046867132186890e-01
   38    22    -9.9256050586700439e-01
   38    32    1.0510252416133881e-01
   38    33    -2.4476504325866699e+00
   38    38    1.4944111824035645e+01
   38    39    6.3036203384399414e-02
   38    40    3.3645652234554291e-02
   39     1    -3.7868242263793945e+00
   39     4    -1.4057062864303589e+00
   39     5    3.6006537079811096e-01
   39     6    -2.3698103427886963e+00
   39     8    6.0862511396408081e-01
   39     9    1.3714490830898285e-01
   39    11    -1.5828901529312134e+00
   39    13    -2.4558892250061035e+00
   39    17    -1.3850895166397095e+00
   39    21    -1.0419704914093018e+00
   39    23    3.5373216867446899e-01
   39    26    2.0777770876884460e-01
   39    38    6.3036203384399414e-02
   39    39    1.2297798156738281e+01
   40     2    -9.3157732486724854e-01
   40     3    -2.0697433948516846e+00
   40    16    -3.1792559623718262e+00
   40    22    -2.1249001026153564e+00
   40    27    2.4358192086219788e-01
   40    36    9.4258427619934082e-01
   40    38    3.3645652234554291e-02
   40    40    1.1158950805664062e+01
   41     2    -2.9719476699829102e+00
   41    14    -1.9130941629409790e+00
   41    18    -2.0561954975128174e+00
   41    32    -3.6109966039657593e-01
   41    33    6.3915443420410156e-01
   41    36    -3.5909128189086914e-01
   41    41    1.1285347938537598e+01
